0.032016 126
0.685315 1
0.071982 1
0.175979 1
0.192191 1
0.095801 1
0.160035 1
0.144001 1
0.184018 1
0.120261 1
0.143994 1
0.096147 1
0.161860 2
4.167866 53
0.053748 43
0.457356 1
0.047793 1
0.192556 1
0.112355 1
0.215251 1
0.223942 1
0.304067 1
0.457682 2
0.073234 37
0.765075 1
0.279949 1
0.400174 1
0.160582 2
0.030577 121
0.472662 1
0.247937 1
0.296113 1
0.103888 1
0.362016 1
0.574160 1
0.233034 4
1.079339 1
0.244967 9
1.563169 2
0.415921 4
0.159387 4
0.231893 1
0.248285 1
0.247736 1
0.384282 1
0.295977 1
0.145287 1
0.782670 1
0.328039 1
0.480173 1
0.160264 1
0.858116 2
0.136756 94
1.668771 1
0.120448 1
0.175656 1
0.144402 1
0.153876 1
0.309733 4
0.136847 1
0.095015 1
0.108569 3
0.867758 1
0.080342 1
0.167516 4
0.522839 2
0.013319 3455
15.459053 39
0.373514 25
0.567653 140
0.656273 36
0.335440 1
0.064012 1
0.257995 19
0.001899 78
1.523761 1
0.111716 1
0.296697 1
0.383822 1
1.808120 1
0.071767 1
0.176019 1
0.176627 1
0.607595 4
0.200106 4
0.391686 4
0.376214 1
0.145093 3
0.614812 1
0.104420 1
0.240045 1
0.719430 1
0.175887 5
0.880297 1
0.162501 4
0.805649 2
0.008079 90
0.001223 4075
0.975204 39
0.384278 25
0.415333 92
0.519816 4
1.896083 36
0.359773 1
0.032024 1
1.329348 26
0.002431 77
0.668967 1
0.159274 1
0.167947 1
0.240253 1
0.136703 1
0.129866 3
0.269246 4
0.167679 4
0.160811 4
0.143418 4
0.112742 1
0.167372 1
0.193218 3
0.598825 1
0.255965 1
0.177738 3
0.494232 1
0.207646 1
0.448495 1
0.279974 4
0.104873 1
0.138333 4
0.588578 1
0.132153 4
0.517224 2
0.006973 15
0.002716 817
0.573234 36
0.416272 25
0.472444 1631
3.319346 37
0.279745 1
0.071751 1
0.282095 29
0.004548 80
21.663646 58
0.922759 2
0.147588 103
0.692870 94
0.074744 95
0.012954 92
0.012767 105
0.053546 98
0.183896 94
0.036138 95
0.008744 92
0.010265 105
0.014316 98
0.139906 32
0.014131 39
0.017112 32
0.356498 31
1.811577 36
0.724962 30
0.190835 44
0.004188 52
0.004047 33
0.169876 42
2.123372 24
11.045335 31
0.136845 44
0.004321 34
0.003777 53
0.095827 32
0.016520 34
0.016343 40
0.020434 36
0.022367 38
0.024903 49
0.424904 42
0.035459 39
0.035538 35
0.481769 36
0.008281 32
0.092144 34
0.068846 36
0.091113 32
0.135051 60
0.308174 65
0.027487 43
1.287174 47
0.028075 27
0.172291 32
0.006097 25
0.266111 30
0.004458 56
0.016781 46
0.004654 47
0.008869 29
7.158327 34
7.381420 92
0.085468 29
7.048124 1
0.160144 1
0.599846 4
0.143978 1
0.137248 1
0.303163 1
0.624981 10
0.005366 35
0.361457 1
0.072123 1
0.207923 1
0.167808 1
0.152151 1
0.207934 1
0.298965 2
0.256750 214
0.024490 10
3.997386 2
1.625548 72
0.001966 43
0.002535 59
0.001903 35
1.838746 1
0.144441 1
0.520320 1
0.103253 1
0.191687 1
0.104604 1
0.231510 1
0.392500 2
0.093601 37
0.642409 1
0.096565 1
0.150815 1
0.104765 1
0.151546 1
0.136543 1
0.352057 2
0.096842 83
0.004135 126
34.089782 11
17.232273 2
4.281446 53
0.065938 43
0.581439 1
0.071845 1
0.176263 1
0.128027 1
0.223885 1
0.120248 1
0.344043 1
0.471826 4
0.264682 1
0.289402 2
0.078319 37
0.591432 1
0.240140 1
0.240183 1
0.697927 2
0.032944 123
4.308930 1
0.216361 1
0.175890 1
0.167743 1
0.424859 10
0.003724 35
0.452505 8
0.003517 34
0.000093 126
5.082886 6
