0.031420 126
1.421288 1
0.047900 1
0.216140 1
0.223892 1
0.072460 1
0.159528 1
0.167964 1
0.480050 1
0.288330 1
0.311672 1
0.256106 1
0.323490 2
4.265412 53
0.056870 43
0.739064 1
0.096027 1
0.288032 1
0.136550 1
0.256041 1
0.159356 1
0.391990 1
0.560288 4
0.183630 1
0.410107 2
0.072666 37
11.367171 38
0.847312 2
0.004509 29
1.010472 38
0.392323 43
0.304096 4
0.183785 4
0.160193 4
0.168052 4
0.200071 80
0.584340 80
0.167615 83
0.367896 99
4.927922 1
0.280766 15
1.064350 2
0.010221 4095
0.000248 676
3.076420 64
0.345813 313
0.639845 17
1.001827 18
0.300430 26
0.448077 1
0.903988 1
2.754490 57
0.001754 84
0.715663 51
0.632373 4
0.499778 4
0.032751 4
0.033251 4
0.034193 4
0.031530 4
0.033993 4
0.032132 4
0.033308 4
0.032666 4
0.032888 4
0.033243 4
0.033832 4
0.033054 4
0.399110 4
0.127839 1
0.072398 1
0.200180 1
0.111630 1
0.375807 1
0.248119 1
0.120551 1
0.472042 2
0.007181 4095
0.000232 668
3.360146 64
0.774291 653
1.778586 7
0.499263 7
0.033086 8
0.032872 8
0.033577 8
0.280023 8
0.200142 8
0.175901 8
0.168046 8
1.664094 1
0.239976 1
0.536057 23
0.816178 40
1.647850 23
0.528347 40
0.216127 23
0.415744 40
0.431863 23
0.448016 40
0.127920 23
0.815994 1
0.448112 41
1.127946 25
0.745188 25
0.758614 1
0.208930 38
1.175426 1
0.200846 1
0.206687 1
1.001996 17
1.002455 18
0.099961 26
0.328262 1
0.063495 1
0.608900 49
0.002432 84
1.614534 43
0.390392 43
0.360315 4
0.160470 88
0.095858 88
0.263785 91
0.504294 94
0.208283 197
0.375626 101
0.208394 201
0.175629 100
0.416738 101
0.166962 98
0.079820 98
0.512434 98
0.535880 97
0.144123 100
0.279289 105
0.224184 106
0.825216 109
0.238890 114
0.952502 114
0.832618 2
0.004217 29
0.602766 49
0.303998 4
0.500469 4
0.032962 4
0.033067 4
0.032736 4
0.240207 4
0.232093 4
0.240251 1
0.205684 15
0.507174 2
0.003264 29
11.830451 58
0.381901 2
0.237619 103
0.708639 94
0.073824 95
0.013856 92
0.012241 105
0.051636 98
0.178297 94
0.035909 95
0.008737 92
0.010301 105
0.014625 98
0.142788 32
0.014363 32
0.011291 39
0.017056 32
0.321748 31
1.847866 36
0.731595 30
0.096528 44
0.004385 52
0.004020 33
0.171596 42
2.111566 24
11.302152 31
0.135465 44
0.008486 34
0.007887 53
0.090231 32
0.016861 34
0.016509 40
0.023364 36
0.022105 38
0.025646 49
0.424610 42
0.035182 39
0.034283 35
0.497191 36
0.008254 32
0.090188 34
0.044272 36
0.094543 32
0.135811 60
0.303832 65
0.026807 43
1.335176 47
0.027332 27
0.191789 32
0.004846 25
0.276861 30
0.004976 56
0.016670 46
0.004503 47
0.010297 29
7.153373 34
7.435669 92
0.084302 29
1.332622 55
0.552604 2
0.671284 23
0.298451 29
7.219254 1
0.047805 1
0.216021 1
0.119913 1
0.144101 1
0.096224 1
0.192880 2
0.117380 83
0.001028 126
36.336220 6
